v3
10
10
35500
10000
10000
10000
10000
10000
10000
10000
10000
10000
10
16000
16000
34700
10000
10000
10000
10000
10000
10000
10000
10
10000
38500
10000
10000
10000
10000
10000
10000
10000
10000
10
10000
10000
10000
10000
10000
10000
10000
10000
10000
10000
10
10000
10000
10000
10000
10000
10000
10000
10000
10000
10000
10
10000
10000
10000
10000
10000
10000
10000
10000
10000
10000
10
10000
10000
10000
10000
10000
10000
10000
10000
10000
10000
10
10000
10000
10000
10000
10000
10000
10000
10000
10000
10000
10
10000
10000
10000
10000
10000
10000
10000
10000
10000
10000
10
10000
10000
10000
10000
10000
10000
10000
10000
10000
10000
4
110347
111631
112589
113850
100000
0
