10
10
22493
15000
5998
7996
11496
9999
21987
15000
18993
22991
26994
13993
5976
9992
13500
8999
15993
32000
19493
28985
29500
11499
19977
13473
12499
12483
27487
18993
13996
27986
32482
8983
4485
10496
16471
17478
13496
30000
25988
26987
37489
2979
2983
3477
7486
3493
3477
32000
27487
16994
26987
5499
18993
10000
18993
4499
10000
3498
31483
24489
19993
7000
3498
16994
5499
21992
10000
27986
28486
27487
13996
18493
22991
10000
24489
2997
5999
20993
21992
29485
11478
3498
2497
13996
14496
18993
19493
21492
20493
19493
9987
2497
1997
15495
19993
14995
25988
19993
14496
20993
10
32482
50975
73966
90960
110953
125948
135948
155441
187441
215927
