v3
10
11
1300
100
100
100
100
100
100
100
100
100
3916
11
100
1300
100
100
100
100
100
100
100
100
3916
11
100
100
1300
100
100
100
100
100
100
100
3916
11
100
100
100
1300
100
100
100
100
100
100
3916
11
100
100
100
100
1300
100
100
100
100
100
3916
11
100
100
100
100
100
1300
100
100
100
100
3916
11
100
100
100
100
100
100
1300
100
100
100
3916
11
100
100
100
100
100
100
100
1300
100
100
3916
11
100
100
100
100
100
100
100
100
1300
100
3916
11
100
100
100
100
100
100
100
100
100
1300
3916
10
100
200
300
400
1700
1800
1900
2000
2100
2200
3916
1
