v3
10
11
1300
100
100
100
100
100
100
100
100
100
3916
11
100
1300
100
100
100
100
100
100
100
100
3916
11
100
100
1300
100
100
100
100
100
100
100
3916
11
100
100
100
1300
100
100
100
100
100
100
3916
11
100
100
100
100
1300
100
100
100
100
100
3916
11
100
100
100
100
100
1300
100
100
100
100
3916
11
100
100
100
100
100
100
1300
100
100
100
3916
11
100
100
100
100
100
100
100
1300
100
100
3916
11
100
100
100
100
100
100
100
100
1300
100
3916
11
100
100
100
100
100
100
100
100
100
1300
3916
10
10
20
30
40
50
60
70
80
90
100
3916
1