v3
10
11
1300
100
100
100
100
100
100
100
100
100
3916
11
100
1300
100
100
100
100
100
100
100
100
3916
11
100
100
1300
100
100
100
100
100
100
100
3916
11
100
100
100
1300
100
100
100
100
100
100
3916
11
100
100
100
100
1300
100
100
100
100
100
3916
11
100
100
100
100
100
1300
100
100
100
100
3916
11
100
100
100
100
100
100
1300
100
100
100
3916
11
100
100
100
100
100
100
100
1300
100
100
3916
11
100
100
100
100
100
100
100
100
1300
100
3916
11
100
100
100
100
100
100
100
100
100
1300
3916
10
100
200
300
400
500
600
700
800
900
1300
3916
1
